1 lines in input.txt

0
move: 1cur i/v: 0/6
dest i/v 1/5 
next3:  [1, 4, 7]
[999986, 999987, 999988, 999989, 999990, 999991, 999992, 999993, 999994, 999995, 999996, 999997, 999998, 999999, 1000000, 6, 5, 1, 4, 7, 2, 8, 3, 9, 10, 11, 12, 13, 14, 15]
move: 2cur i/v: 1/5
dest i/v 4/3 
next3:  [1, 4, 7]
[999986, 999987, 999988, 999989, 999990, 999991, 999992, 999993, 999994, 999995, 999996, 999997, 999998, 999999, 1000000, 6, 5, 2, 8, 3, 1, 4, 7, 9, 10, 11, 12, 13, 14, 15]
move: 3cur i/v: 2/2
dest i/v 999996/1000000 
next3:  [8, 3, 1]
[999989, 999990, 999991, 999992, 999993, 999994, 999995, 999996, 999997, 999998, 999999, 1000000, 8, 3, 1, 6, 5, 2, 4, 7, 9, 10, 11, 12, 13, 14, 15, 16, 17, 18]
move: 4cur i/v: 3/4
dest i/v 999995/3 
next3:  [7, 9, 10]
[999992, 999993, 999994, 999995, 999996, 999997, 999998, 999999, 1000000, 8, 3, 7, 9, 10, 1, 6, 5, 2, 4, 11, 12, 13, 14, 15, 16, 17, 18, 19, 20, 21]
move: 5cur i/v: 4/11
dest i/v 999995/10 
next3:  [12, 13, 14]
[999995, 999996, 999997, 999998, 999999, 1000000, 8, 3, 7, 9, 10, 12, 13, 14, 1, 6, 5, 2, 4, 11, 15, 16, 17, 18, 19, 20, 21, 22, 23, 24]
move: 6cur i/v: 5/15
dest i/v 999995/14 
next3:  [16, 17, 18]
[999998, 999999, 1000000, 8, 3, 7, 9, 10, 12, 13, 14, 16, 17, 18, 1, 6, 5, 2, 4, 11, 15, 19, 20, 21, 22, 23, 24, 25, 26, 27]
move: 7cur i/v: 6/19
dest i/v 999995/18 
next3:  [20, 21, 22]
[8, 3, 7, 9, 10, 12, 13, 14, 16, 17, 18, 20, 21, 22, 1, 6, 5, 2, 4, 11, 15, 19, 23, 24, 25, 26, 27, 28, 29, 30]
move: 8cur i/v: 7/23
dest i/v 999995/22 
next3:  [24, 25, 26]
[9, 10, 12, 13, 14, 16, 17, 18, 20, 21, 22, 24, 25, 26, 1, 6, 5, 2, 4, 11, 15, 19, 23, 27, 28, 29, 30, 31, 32, 33]
move: 9cur i/v: 8/27
dest i/v 999995/26 
next3:  [28, 29, 30]
[13, 14, 16, 17, 18, 20, 21, 22, 24, 25, 26, 28, 29, 30, 1, 6, 5, 2, 4, 11, 15, 19, 23, 27, 31, 32, 33, 34, 35, 36]
move: 10cur i/v: 9/31
dest i/v 999995/30 
next3:  [32, 33, 34]
[17, 18, 20, 21, 22, 24, 25, 26, 28, 29, 30, 32, 33, 34, 1, 6, 5, 2, 4, 11, 15, 19, 23, 27, 31, 35, 36, 37, 38, 39]
move: 11